6 0.5140625 0.08984375 0.1796875 0.1796875
6 0.190625 0.68359375 0.2046875 0.2125
6 0.79140625 0.71328125 0.115625 0.184375
6 0.91484375 0.5734375 0.06796875 0.2078125
6 0.82890625 0.321875 0.090625 0.184375
6 0.95625 0.16484375 0.06640625 0.20625
6 0.734375 0.04921875 0.1375 0.0984375
4 0.2171875 0.12265625 0.171875 0.2453125
4 0.66484375 0.39765625 0.08203125 0.203125
4 0.534375 0.603125 0.15078125 0.225
4 0.6234375 0.8859375 0.10390625 0.18203125
4 0.96484375 0.85546875 0.0703125 0.1453125
4 0.99140625 0.4046875 0.0171875 0.175
0 0.4421875 0.27265625 0.22734375 0.28671875
0 0.2828125 0.48359375 0.32421875 0.23203125
0 0.7953125 0.515625 0.15546875 0.17109375
0 0.76015625 0.89453125 0.153125 0.1296875
0 0.978125 0.6140625 0.04375 0.178125
4 0.86640625 0.03515625 0.0640625 0.06953125